A(0,0)[      1.00]	A(0,1)[      2.00]	A(0,2)[      3.00]	A(0,3)[      4.00]	A(0,4)[      5.00]	
A(1,0)[      6.00]	A(1,1)[      7.00]	A(1,2)[      8.00]	A(1,3)[      9.00]	A(1,4)[     10.00]	
A(2,0)[     11.00]	A(2,1)[     12.00]	A(2,2)[     13.00]	A(2,3)[     14.00]	A(2,4)[     15.00]	
A(3,0)[     16.00]	A(3,1)[     17.00]	A(3,2)[     18.00]	A(3,3)[     19.00]	A(3,4)[     20.00]	
A(4,0)[     21.00]	A(4,1)[     22.00]	A(4,2)[     23.00]	A(4,3)[     24.00]	A(4,4)[     25.00]	

B(0,0)[      1.00]	B(0,1)[      2.00]	B(0,2)[      3.00]	B(0,3)[      4.00]	B(0,4)[      5.00]	
B(1,0)[      6.00]	B(1,1)[      7.00]	B(1,2)[      8.00]	B(1,3)[      9.00]	B(1,4)[     10.00]	
B(2,0)[     11.00]	B(2,1)[     12.00]	B(2,2)[     13.00]	B(2,3)[     14.00]	B(2,4)[     15.00]	
B(3,0)[     16.00]	B(3,1)[     17.00]	B(3,2)[     18.00]	B(3,3)[     19.00]	B(3,4)[     20.00]	
B(4,0)[     21.00]	B(4,1)[     22.00]	B(4,2)[     23.00]	B(4,3)[     24.00]	B(4,4)[     25.00]	

C(0,0)[    215.00]	C(0,1)[    230.00]	C(0,2)[    245.00]	C(0,3)[    260.00]	C(0,4)[    275.00]	
C(1,0)[    490.00]	C(1,1)[    530.00]	C(1,2)[    570.00]	C(1,3)[    610.00]	C(1,4)[    650.00]	
C(2,0)[    765.00]	C(2,1)[    830.00]	C(2,2)[    895.00]	C(2,3)[    960.00]	C(2,4)[   1025.00]	
C(3,0)[   1040.00]	C(3,1)[   1130.00]	C(3,2)[   1220.00]	C(3,3)[   1310.00]	C(3,4)[   1400.00]	
C(4,0)[   1315.00]	C(4,1)[   1430.00]	C(4,2)[   1545.00]	C(4,3)[   1660.00]	C(4,4)[   1775.00]	

1	
2	3	
4	5	6	
7	8	9	10	
11	12	13	14	15	
